acuracia_validacao: 0.969365

              precision    recall  f1-score   support

           0       0.98      0.98      0.98       620
           1       0.99      0.99      0.99       703
           2       0.97      0.96      0.97       627
           3       0.95      0.96      0.95       653
           4       0.98      0.95      0.97       611
           5       0.95      0.96      0.95       569
           6       0.98      0.98      0.98       620
           7       0.98      0.97      0.98       660
           8       0.96      0.96      0.96       609
           9       0.95      0.96      0.96       628

    accuracy                           0.97      6300
   macro avg       0.97      0.97      0.97      6300
weighted avg       0.97      0.97      0.97      6300
